-1.068000648301820E+06 -4.176802125684930E+05 3.084467020687090E+04
8.039779932353974E+02 -1.108664643177914E+03 -1.409640216521517E+01
-2.212062175862221E+07 -6.682431829610253E+07 -3.461601353176080E+06
3.167622060317513E+06 -1.062950676579149E+06 -3.774242348742058E+05
-1.085735509178141E+08 -3.784200933160055E+06 6.190064472977990E+06
7.762738511380683E+04 -3.038864213486565E+06 -4.596674903463532E+04
-2.627892928682480E+07 1.445102393586391E+08 3.022818135935813E+04
-2.577357622036949E+06 -4.510482352192447E+05 -8.766332335017779E+00
2.069270543147017E+08 -3.560689745239088E+06 -5.147936537447235E+06
1.126922831990409E+05 2.270729281323685E+06  4.482834400085559E+04
-2.659657952880802E+07 1.442683561835989E+08  6.678400538153946E+04
-2.528905619768206E+06 -5.201623826655309E+05 -1.504045548130264E+02
5.978411588490014E+08  4.387049129404825E+08 -1.520170147924584E+07
-6.819234315724139E+05  9.633898242257105E+05  1.127604277013895E+04
9.576383363062742E+08  9.821475305205020E+08 -5.518981313640279E+07
-6.410517448810337E+05  5.811248855921716E+05  1.533610474096155E+04
2.157706702828831E+09 -2.055242911807622E+09 -3.559264256520975E+07
4.014968007726297E+05  3.986807999463423E+05 -3.716358575178118E+03  
2.513785419503203E+09 -3.739265092576820E+09  1.907031792232442E+07
3.866490966171469E+05  2.646301879222912E+05 -1.440534798435907E+04
-1.478626340724678E+09 -4.182878118662979E+09  8.753002592760717E+08
4.554343575178902E+05 -2.299753219786261E+05 -1.073119282530072E+05